0000000000000000
0000001100100111
0000011001000100
0000100101101110
0000110010001000
0000111110101011
0001001011000100
0001010111100010
0001100011110101
0001110000001100
0001111100010110
0010001000100100
0010010100100100
0010100000100111
0010101100011001
0010111000010001
0011000011110110
0011001111011100
0011011010110100
0011100110001010
0011110001010001
0011111100010100
0100000111001000
0100010001111000
0100011100010111
0100100110110001
0100110000111000
0100111010111101
0101000100101100
0101001110010110
0101010111101110
0101100000111110
0101101001111011
0101110010101111
0101111011010000
0110000011100111
0110001011101011
0110010011100101
0110011011001000
0110100010100011
0110101001100110
0110110000100000
0110110111000011
0110111101011010
0111000011011100
0111001001010000
0111001110110000
0111010100000001
0111011000111101
0111011101101000
0111100010000000
0111100110000110
0111101001111000
0111101101011010
0111110000100101
0111110011100001
0111110110000110
0111111000011011
0111111010011010
0111111100001000
0111111101100000
0111111110100101
0111111111011000
0111111111110101
0111111111111110
0111111111110110
0111111111011001
0111111110100111
0111111101100011
0111111100001011
0111111010011111
0111111000100000
0111110110001101
0111110011100111
0111110000101110
0111101101100001
0111101010000011
0111100110001110
0111100010001100
0111011101110010
0111011001001010
0111010100001100
0111001110111111
0111001001011101
0111000011101101
0110111101101000
0110110111010101
0110110000101101
0110101001111011
0110100010110001
0110011011011110
0110010011110100
0110001100000001
0110000011111010
0101111011100111
0101110011000010
0101101010010011
0101100001010010
0101011000001000
0101001110101011
0101000101000111
0100111011010001
0100110001010110
0100100111000101
0100011100110100
0100010010010000
0100000111100110
0011111100101100
0011110001101111
0011100110100011
0011011011010011
0011001111110101
0011000100010101
0010111000101000
0010101100111100
0010100000111110
0010010101000101
0010001000111111
0001111100111000
0001110000100111
0001100100010111
0001010111111101
0001001011100111
0000111111000111
0000110010101011
0000100110000111
0000011001101010
0000001101000000
0000000000100010
1111110011111000
1111100111011010
1111011010110100
1111001110010110
1111000001110100
1110110101011010
1110101000111101
1110011100101000
1110010000010010
1110000100000111
1101110111111010
1101101011111100
1101011111110110
1101010100000100
1101001000001111
1100111100100111
1100110001000000
1100100101101000
1100011010010010
1100001111001010
1100000100000111
1011111001010010
1011101110100010
1011100100000101
1011011001101000
1011001111100001
1011000101011110
1010111011101011
1010110010000001
1010101000101000
1010011111011000
1010010110011011
1010001101100110
1010000101000100
1001111100101100
1001110100101010
1001101100101110
1001100101001010
1001011101110000
1001010110101010
1001001111110010
1001001001001101
1001000010110101
1000111100110010
1000110110111101
1000110001011101
1000101100001100
1000100111010000
1000100010100011
1000011110001011
1000011010000011
1000010110010001
1000010010101111
1000001111100010
1000001100100110
1000001001111111
1000000111101010
1000000101101010
1000000011111011
1000000010100011
1000000001011100
1000000000101010
1000000000001011
1000000000000001
1000000000001001
1000000000100101
1000000001010110
1000000010011001
1000000011110000
1000000101011100
1000000111011010
1000001001101100
1000001100010010
1000001111001001
1000010010010110
1000010101110100
1000011001100110
1000011101101001
1000100010000010
1000100110101010
1000101011100111
1000110000110011
1000110110010100
1000111100000100
1001000010001000
1001001000011001
1001001111000001
1001010101110011
1001011100111100
1001100100001110
1001101011110110
1001110011101010
1001111011110001
1010000100000011
1010001100100111
1010010101010110
1010011110010110
1010100111100000
1010110000111100
1010111010011110
1011000100010110
1011001110010000
1011011000011110
1011100010110001
1011101101010101
1011110111111111
1100000010111000
1100001101110100
1100011001000000
1100100100010000
1100101111101101
1100111011001010
1101000110111010
1101010010100110
1101011110100000
1101101010011100
1101110110100010
1110000010101001
1110001110111001
1110011011001001
1110100111100011
1110110011111001
1111000000011001
1111001100110010
1111011001011001
1111100101110110
1111110010011101
